% number of repeats:% 3
% enter first, last, inc:% 48 960 48 
data = [
%  n          reference      |         current implementation 
%        time       GFLOPS   |    time       GFLOPS     diff 
   960 3.5196e-02 5.0274e+01    3.1376e-01 5.6396e+00 9.3792e-13
   912 3.0157e-02 5.0307e+01    2.6734e-01 5.6748e+00 1.1084e-12
   864 2.8756e-02 4.4859e+01    2.1995e-01 5.8647e+00 8.8107e-13
   816 2.4830e-02 4.3764e+01    1.6805e-01 6.4664e+00 7.9581e-13
   768 2.0330e-02 4.4564e+01    1.4949e-01 6.0602e+00 7.3896e-13
   720 1.6773e-02 4.4505e+01    9.5409e-02 7.8242e+00 7.1054e-13
   672 1.2439e-02 4.8793e+01    7.9619e-02 7.6229e+00 6.5370e-13
   624 1.1318e-02 4.2936e+01    5.4581e-02 8.9031e+00 5.4001e-13
   576 7.5319e-03 5.0745e+01    4.4719e-02 8.5468e+00 5.4001e-13
   528 6.3764e-03 4.6170e+01    3.2482e-02 9.0634e+00 4.5475e-13
   480 4.2934e-03 5.1517e+01    2.3408e-02 9.4490e+00 3.4106e-13
   432 3.0331e-03 5.3162e+01    1.9358e-02 8.3296e+00 2.8422e-13
   384 2.2438e-03 5.0470e+01    1.3291e-02 8.5206e+00 2.2737e-13
   336 1.7790e-03 4.2645e+01    8.3694e-03 9.0647e+00 1.7053e-13
   288 9.4680e-04 5.0460e+01    4.9725e-03 9.6079e+00 1.1369e-13
   240 7.3654e-04 3.7537e+01    2.8974e-03 9.5423e+00 4.2633e-14
   192 2.8566e-04 4.9554e+01    1.3643e-03 1.0376e+01 3.5527e-14
   144 1.2407e-04 4.8132e+01    4.8728e-04 1.2256e+01 2.8422e-14
    96 4.3933e-05 4.0277e+01    1.3772e-04 1.2848e+01 1.4211e-14
    48 9.3950e-06 2.3543e+01    1.9090e-05 1.1586e+01 5.3291e-15
];

% Maximum difference between reference and your implementation: 1.108447e-12.
