% number of repeats:% 3
% enter first, last, inc:% 48 960 48 
data = [
%  n          reference      |         current implementation 
%        time       GFLOPS   |    time       GFLOPS     diff 
   960 3.5967e-02 4.9198e+01    6.0938e+00 2.9037e-01 9.3792e-13
   912 2.9920e-02 5.0705e+01    5.3508e+00 2.8353e-01 1.1084e-12
   864 3.3325e-02 3.8708e+01    4.2823e+00 3.0123e-01 8.8107e-13
   816 2.4153e-02 4.4992e+01    2.4225e+00 4.4857e-01 7.9581e-13
   768 2.2344e-02 4.0546e+01    2.4386e+00 3.7151e-01 7.3896e-13
   720 1.5658e-02 4.7674e+01    6.0933e-01 1.2251e+00 7.1054e-13
   672 1.4718e-02 4.1238e+01    6.3298e-01 9.5884e-01 6.5370e-13
   624 9.9666e-03 4.8757e+01    4.0398e-01 1.2029e+00 5.4001e-13
   576 8.6191e-03 4.4344e+01    4.6042e-01 8.3012e-01 5.4001e-13
   528 5.7435e-03 5.1258e+01    2.2291e-01 1.3207e+00 4.5475e-13
   480 4.5571e-03 4.8536e+01    2.0564e-01 1.0756e+00 3.4106e-13
   432 3.1715e-03 5.0842e+01    1.1828e-01 1.3633e+00 2.8422e-13
   384 2.1832e-03 5.1871e+01    2.0246e-01 5.5935e-01 2.2737e-13
   336 1.4476e-03 5.2407e+01    5.2900e-02 1.4341e+00 1.7053e-13
   288 9.4556e-04 5.0526e+01    3.7968e-02 1.2583e+00 1.1369e-13
   240 5.4028e-04 5.1173e+01    1.6454e-02 1.6803e+00 4.2633e-14
   192 2.8659e-04 4.9393e+01    1.1477e-02 1.2334e+00 3.5527e-14
   144 1.2723e-04 4.6940e+01    2.4496e-03 2.4379e+00 2.8422e-14
    96 4.3836e-05 4.0366e+01    7.9580e-04 2.2235e+00 1.4211e-14
    48 9.2420e-06 2.3932e+01    5.8928e-05 3.7535e+00 5.3291e-15
];

% Maximum difference between reference and your implementation: 1.108447e-12.
