% number of repeats:% 3
% enter first, last, inc:% 48 480 48 
data = [
%  n          reference      |         current implementation 
%        time       GFLOPS   |    time       GFLOPS     diff 
   480 5.5070e-03 4.0164e+01    1.2934e-01 1.7101e+00 3.5527e-13
   432 3.6737e-03 4.3891e+01    8.5687e-02 1.8818e+00 3.1264e-13
   384 2.4583e-03 4.6067e+01    9.8990e-02 1.1440e+00 1.9895e-13
   336 2.0997e-03 3.6131e+01    5.1206e-02 1.4816e+00 1.7053e-13
   288 1.1525e-03 4.1454e+01    2.9945e-02 1.5954e+00 1.1369e-13
   240 7.0690e-04 3.9111e+01    1.7319e-02 1.5964e+00 4.2633e-14
   192 3.4338e-04 4.1224e+01    8.4802e-03 1.6693e+00 2.8422e-14
   144 1.5350e-04 3.8906e+01    3.5538e-03 1.6804e+00 2.8422e-14
    96 5.2928e-05 3.3432e+01    9.6930e-04 1.8255e+00 1.4211e-14
    48 1.2291e-05 1.7996e+01    9.7264e-05 2.2741e+00 7.1054e-15
];

% Maximum difference between reference and your implementation: 3.552714e-13.
