% number of repeats:% 3
% enter first, last, inc:% 48 960 48 
data = [
%  n          reference      |         current implementation 
%        time       GFLOPS   |    time       GFLOPS     diff 
   960 3.8298e-02 4.6202e+01    1.6543e+00 1.0696e+00 9.3792e-13
   912 3.1565e-02 4.8062e+01    1.0697e+00 1.4183e+00 1.1084e-12
   864 2.6088e-02 4.9446e+01    7.3103e-01 1.7646e+00 8.8107e-13
   816 2.1619e-02 5.0266e+01    6.8528e-01 1.5857e+00 7.9581e-13
   768 1.8149e-02 4.9919e+01    6.3158e-01 1.4344e+00 7.3896e-13
   720 1.5256e-02 4.8933e+01    3.5609e-01 2.0964e+00 7.1054e-13
   672 1.1483e-02 5.2853e+01    2.8990e-01 2.0936e+00 6.5370e-13
   624 9.1108e-03 5.3337e+01    2.3040e-01 2.1092e+00 5.4001e-13
   576 7.2398e-03 5.2792e+01    2.0565e-01 1.8585e+00 5.4001e-13
   528 5.3947e-03 5.4571e+01    1.3882e-01 2.1207e+00 4.5475e-13
   480 3.9261e-03 5.6337e+01    1.0498e-01 2.1069e+00 3.4106e-13
   432 2.8449e-03 5.6678e+01    7.5424e-02 2.1378e+00 2.8422e-13
   384 1.9931e-03 5.6819e+01    6.6378e-02 1.7061e+00 2.2737e-13
   336 1.3403e-03 5.6606e+01    3.5341e-02 2.1467e+00 1.7053e-13
   288 8.5296e-04 5.6012e+01    2.2008e-02 2.1708e+00 1.1369e-13
   240 4.8543e-04 5.6955e+01    1.2606e-02 2.1932e+00 4.2633e-14
   192 3.9969e-04 3.5417e+01    6.5815e-03 2.1508e+00 3.5527e-14
   144 1.1421e-04 5.2288e+01    2.5371e-03 2.3539e+00 2.8422e-14
    96 3.9668e-05 4.4607e+01    7.2304e-04 2.4473e+00 1.4211e-14
    48 8.2250e-06 2.6892e+01    7.4978e-05 2.9500e+00 5.3291e-15
];

% Maximum difference between reference and your implementation: 1.108447e-12.
