% number of repeats:% 3
% enter first, last, inc:% 48 480 48 
data = [
%  n          reference      |         current implementation 
%        time       GFLOPS   |    time       GFLOPS     diff 
   480 6.3832e-03 3.4651e+01    1.2705e-01 1.7410e+00 3.5527e-13
   432 3.4972e-03 4.6106e+01    7.7715e-02 2.0748e+00 3.1264e-13
   384 2.2066e-03 5.1321e+01    6.3943e-02 1.7711e+00 1.9895e-13
   336 1.4561e-03 5.2104e+01    3.6498e-02 2.0786e+00 1.7053e-13
   288 1.0107e-03 4.7270e+01    2.2725e-02 2.1023e+00 1.1369e-13
   240 4.9138e-04 5.6266e+01    1.3100e-02 2.1105e+00 4.2633e-14
   192 2.5990e-04 5.4467e+01    6.5780e-03 2.1520e+00 2.8422e-14
   144 1.1604e-04 5.1465e+01    2.6194e-03 2.2799e+00 2.8422e-14
    96 3.9915e-05 4.4331e+01    7.0317e-04 2.5164e+00 1.4211e-14
    48 8.5020e-06 2.6016e+01    6.9602e-05 3.1778e+00 7.1054e-15
];

% Maximum difference between reference and your implementation: 3.552714e-13.
