% number of repeats:% 3
% enter first, last, inc:% 48 480 48 
data = [
%  n          reference      |         current implementation 
%        time       GFLOPS   |    time       GFLOPS     diff 
   480 5.5831e-03 3.9617e+01    3.4031e-02 6.4994e+00 3.5527e-13
   432 3.7507e-03 4.2990e+01    2.0614e-02 7.8221e+00 3.1264e-13
   384 2.5838e-03 4.3829e+01    1.4809e-02 7.6470e+00 1.9895e-13
   336 1.8365e-03 4.1309e+01    1.1285e-02 6.7226e+00 1.7053e-13
   288 1.1416e-03 4.1849e+01    6.9361e-03 6.8880e+00 1.1369e-13
   240 6.8022e-04 4.0646e+01    3.4397e-03 8.0379e+00 4.2633e-14
   192 3.2806e-04 4.3150e+01    1.8499e-03 7.6523e+00 2.8422e-14
   144 1.4740e-04 4.0515e+01    6.1002e-04 9.7899e+00 2.8422e-14
    96 4.9943e-05 3.5430e+01    1.6729e-04 1.0577e+01 1.4211e-14
    48 1.0855e-05 2.0376e+01    2.4204e-05 9.1383e+00 7.1054e-15
];

% Maximum difference between reference and your implementation: 3.552714e-13.
