% number of repeats:% 3
% enter first, last, inc:% 48 480 48 
data = [
%  n          reference      |         current implementation 
%        time       GFLOPS   |    time       GFLOPS     diff 
   480 5.1763e-03 4.2730e+01    2.7429e-02 8.0640e+00 3.5527e-13
   432 2.8311e-03 5.6953e+01    1.4260e-02 1.1307e+01 3.1264e-13
   384 1.9785e-03 5.7239e+01    1.0174e-02 1.1131e+01 1.9895e-13
   336 1.3485e-03 5.6258e+01    7.0240e-03 1.0801e+01 1.7053e-13
   288 8.6011e-04 5.5546e+01    4.2462e-03 1.1251e+01 1.1369e-13
   240 4.8996e-04 5.6429e+01    2.2924e-03 1.2061e+01 4.2633e-14
   192 2.5948e-04 5.4555e+01    1.1456e-03 1.2356e+01 2.8422e-14
   144 1.1507e-04 5.1897e+01    5.8873e-04 1.0144e+01 2.8422e-14
    96 3.9715e-05 4.4554e+01    1.6738e-04 1.0571e+01 1.4211e-14
    48 8.4630e-06 2.6135e+01    1.9715e-05 1.1219e+01 7.1054e-15
];

% Maximum difference between reference and your implementation: 3.552714e-13.
