% number of repeats:% 3
% enter first, last, inc:% 48 480 48 
data = [
%  n          reference      |         current implementation 
%        time       GFLOPS   |    time       GFLOPS     diff 
   480 5.9724e-03 3.7035e+01    1.8525e-01 1.1940e+00 3.5527e-13
   432 3.1891e-03 5.0560e+01    1.0849e-01 1.4862e+00 3.1264e-13
   384 2.7863e-03 4.0644e+01    1.9182e-01 5.9038e-01 1.9895e-13
   336 1.4306e-03 5.3030e+01    5.0461e-02 1.5035e+00 1.7053e-13
   288 8.6581e-04 5.5181e+01    3.4878e-02 1.3698e+00 1.1369e-13
   240 5.2519e-04 5.2644e+01    1.5445e-02 1.7901e+00 4.2633e-14
   192 2.6629e-04 5.3159e+01    1.1475e-02 1.2336e+00 2.8422e-14
   144 1.1632e-04 5.1342e+01    2.1325e-03 2.8005e+00 2.8422e-14
    96 3.9915e-05 4.4331e+01    7.1395e-04 2.4784e+00 1.4211e-14
    48 8.3320e-06 2.6546e+01    5.6357e-05 3.9247e+00 7.1054e-15
];

% Maximum difference between reference and your implementation: 3.552714e-13.
