% number of repeats:% 3
% enter first, last, inc:% 48 960 48 
data = [
%  n          reference      |         current implementation 
%        time       GFLOPS   |    time       GFLOPS     diff 
   960 3.5115e-02 5.0390e+01    1.6198e+00 1.0924e+00 9.3792e-13
   912 3.0366e-02 4.9960e+01    1.0988e+00 1.3807e+00 1.1084e-12
   864 2.7806e-02 4.6392e+01    8.5023e-01 1.5172e+00 8.8107e-13
   816 2.2685e-02 4.7903e+01    6.1728e-01 1.7604e+00 7.9581e-13
   768 1.8847e-02 4.8069e+01    5.9250e-01 1.5291e+00 7.3896e-13
   720 1.4593e-02 5.1153e+01    3.6083e-01 2.0688e+00 7.1054e-13
   672 1.2327e-02 4.9237e+01    2.9617e-01 2.0492e+00 6.5370e-13
   624 9.3593e-03 5.1921e+01    2.3321e-01 2.0837e+00 5.4001e-13
   576 7.3734e-03 5.1836e+01    1.9759e-01 1.9344e+00 5.4001e-13
   528 5.6920e-03 5.1721e+01    1.3996e-01 2.1034e+00 4.5475e-13
   480 4.1396e-03 5.3432e+01    1.0530e-01 2.1005e+00 3.4106e-13
   432 2.8463e-03 5.6649e+01    7.5980e-02 2.1222e+00 2.8422e-13
   384 2.0872e-03 5.4257e+01    6.3293e-02 1.7892e+00 2.2737e-13
   336 1.3625e-03 5.5681e+01    3.5450e-02 2.1401e+00 1.7053e-13
   288 8.5995e-04 5.5557e+01    2.2255e-02 2.1467e+00 1.1369e-13
   240 5.0812e-04 5.4413e+01    1.2800e-02 2.1600e+00 4.2633e-14
   192 2.6020e-04 5.4403e+01    6.4926e-03 2.1803e+00 3.5527e-14
   144 1.1632e-04 5.1340e+01    2.5852e-03 2.3100e+00 2.8422e-14
    96 4.0703e-05 4.3473e+01    7.4850e-04 2.3640e+00 1.4211e-14
    48 9.7300e-06 2.2732e+01    7.1445e-05 3.0959e+00 5.3291e-15
];

% Maximum difference between reference and your implementation: 1.108447e-12.
