% number of repeats:% 3
% enter first, last, inc:% 48 480 48 
data = [
%  n          reference      |         current implementation 
%        time       GFLOPS   |    time       GFLOPS     diff 
   480 7.8713e-03 2.8100e+01    1.9512e-01 1.1336e+00 3.5527e-13
   432 3.4182e-03 4.7172e+01    1.1668e-01 1.3819e+00 3.1264e-13
   384 2.4110e-03 4.6970e+01    1.8717e-01 6.0506e-01 1.9895e-13
   336 1.5561e-03 4.8753e+01    5.1270e-02 1.4797e+00 1.7053e-13
   288 9.4103e-04 5.0770e+01    3.4889e-02 1.3694e+00 1.1369e-13
   240 4.9379e-04 5.5992e+01    1.5502e-02 1.7835e+00 4.2633e-14
   192 2.8049e-04 5.0469e+01    1.1329e-02 1.2496e+00 2.8422e-14
   144 1.2493e-04 4.7801e+01    2.3971e-03 2.4914e+00 2.8422e-14
    96 4.2349e-05 4.1783e+01    8.1265e-04 2.1774e+00 1.4211e-14
    48 9.2190e-06 2.3992e+01    5.7406e-05 3.8530e+00 7.1054e-15
];

% Maximum difference between reference and your implementation: 3.552714e-13.
