% number of repeats:% 3
% enter first, last, inc:% 48 960 48 
data = [
%  n          reference      |         current implementation 
%        time       GFLOPS   |    time       GFLOPS     diff 
   960 3.6327e-02 4.8709e+01    2.9653e-01 5.9673e+00 9.3792e-13
   912 3.0533e-02 4.9687e+01    2.0204e-01 7.5091e+00 1.1084e-12
   864 2.7390e-02 4.7096e+01    1.5244e-01 8.4621e+00 8.8107e-13
   816 2.2982e-02 4.7285e+01    1.0493e-01 1.0357e+01 7.9581e-13
   768 1.9126e-02 4.7367e+01    8.1920e-02 1.1059e+01 7.3896e-13
   720 1.4394e-02 5.1862e+01    6.0035e-02 1.2434e+01 7.1054e-13
   672 1.1289e-02 5.3764e+01    4.8266e-02 1.2575e+01 6.5370e-13
   624 9.2773e-03 5.2380e+01    3.8717e-02 1.2551e+01 5.4001e-13
   576 7.4943e-03 5.0999e+01    3.0347e-02 1.2594e+01 5.4001e-13
   528 5.6257e-03 5.2331e+01    2.3659e-02 1.2444e+01 4.5475e-13
   480 3.9601e-03 5.5853e+01    1.7904e-02 1.2354e+01 3.4106e-13
   432 2.9197e-03 5.5225e+01    1.2947e-02 1.2454e+01 2.8422e-13
   384 2.0223e-03 5.5998e+01    9.3956e-03 1.2053e+01 2.2737e-13
   336 1.3549e-03 5.5993e+01    6.2320e-03 1.2174e+01 1.7053e-13
   288 8.5985e-04 5.5563e+01    3.7826e-03 1.2631e+01 1.1369e-13
   240 4.8766e-04 5.6695e+01    2.1201e-03 1.3041e+01 4.2633e-14
   192 2.5818e-04 5.4830e+01    1.0539e-03 1.3432e+01 3.5527e-14
   144 1.1426e-04 5.2265e+01    4.1667e-04 1.4333e+01 2.8422e-14
    96 3.9496e-05 4.4801e+01    1.2739e-04 1.3891e+01 1.4211e-14
    48 8.4130e-06 2.6291e+01    1.7208e-05 1.2854e+01 5.3291e-15
];

% Maximum difference between reference and your implementation: 1.108447e-12.
