% number of repeats:% 3
% enter first, last, inc:% 48 1488 48 
data = [
%  n          reference      |         current implementation 
%        time       GFLOPS   |    time       GFLOPS     diff 
  1488 5.5934e-01 1.1781e+01    4.3235e+00 1.5241e+00 2.1600e-12
  1440 5.9570e-01 1.0025e+01    3.7827e+00 1.5788e+00 2.1032e-12
  1392 5.3176e-01 1.0145e+01    3.1366e+00 1.7199e+00 1.9327e-12
  1344 4.7740e-01 1.0171e+01    3.3672e+00 1.4420e+00 1.7621e-12
  1296 4.4244e-01 9.8398e+00    2.4407e+00 1.7838e+00 1.8190e-12
  1248 4.2374e-01 9.1743e+00    2.4895e+00 1.5615e+00 1.6485e-12
  1200 3.2376e-01 1.0674e+01    1.9588e+00 1.7644e+00 1.5348e-12
  1152 2.5788e-01 1.1857e+01    1.7163e+00 1.7815e+00 1.3642e-12
  1104 2.9056e-01 9.2619e+00    1.0989e+00 2.4489e+00 1.2506e-12
  1056 2.5355e-01 9.2887e+00    1.1916e+00 1.9765e+00 1.1937e-12
  1008 2.0707e-01 9.8923e+00    9.7907e-01 2.0922e+00 1.0232e-12
   960 1.6300e-01 1.0856e+01    7.7053e-01 2.2964e+00 1.0232e-12
   912 1.4263e-01 1.0636e+01    6.0492e-01 2.5079e+00 1.0800e-12
   864 1.0497e-01 1.2288e+01    4.4481e-01 2.9000e+00 8.5265e-13
   816 8.4865e-02 1.2805e+01    3.2430e-01 3.3508e+00 8.2423e-13
   768 7.1871e-02 1.2605e+01    3.1527e-01 2.8736e+00 7.1054e-13
   720 5.9564e-02 1.2533e+01    1.8057e-01 4.1340e+00 6.8212e-13
   672 5.0440e-02 1.2033e+01    1.5853e-01 3.8284e+00 5.6843e-13
   624 5.4463e-02 8.9224e+00    1.1980e-01 4.0561e+00 5.4001e-13
   576 3.5857e-02 1.0659e+01    9.4721e-02 4.0351e+00 4.8317e-13
   528 3.0154e-02 9.7630e+00    6.9924e-02 4.2102e+00 4.2633e-13
   480 2.0168e-02 1.0967e+01    4.8945e-02 4.5191e+00 3.1264e-13
   432 1.6943e-02 9.5168e+00    3.8318e-02 4.2080e+00 2.7001e-13
   384 1.2123e-02 9.3413e+00    3.0075e-02 3.7655e+00 2.2737e-13
   336 6.5539e-03 1.1576e+01    1.2895e-02 5.8835e+00 1.7053e-13
   288 3.8874e-03 1.2290e+01    8.7142e-03 5.4825e+00 9.9476e-14
   240 2.5974e-03 1.0644e+01    4.6970e-03 5.8863e+00 4.2633e-14
   192 1.0883e-03 1.3008e+01    2.6422e-03 5.3575e+00 2.8422e-14
   144 5.7526e-04 1.0381e+01    9.4062e-04 6.3489e+00 2.8422e-14
    96 2.2069e-04 8.0178e+00    2.6216e-04 6.7495e+00 1.0658e-14
    48 3.9757e-05 5.5634e+00    3.0568e-05 7.2358e+00 5.3291e-15
];

% Maximum difference between reference and your implementation: 2.160050e-12.
