% number of repeats:% 3
% enter first, last, inc:% 48 1488 48 
data = [
%  n          reference      |         current implementation 
%        time       GFLOPS   |    time       GFLOPS     diff 
  1488 1.5061e-01 4.3750e+01    3.5693e-01 1.8461e+01 2.1600e-12
  1440 1.2633e-01 4.7273e+01    2.7529e-01 2.1693e+01 2.1032e-12
  1392 1.1265e-01 4.7885e+01    2.3486e-01 2.2968e+01 1.9327e-12
  1344 1.2791e-01 3.7961e+01    2.7050e-01 1.7950e+01 1.7621e-12
  1296 9.9855e-02 4.3599e+01    1.9584e-01 2.2231e+01 1.8190e-12
  1248 8.4509e-02 4.6001e+01    1.9451e-01 1.9986e+01 1.6485e-12
  1200 7.5753e-02 4.5622e+01    1.5436e-01 2.2389e+01 1.5348e-12
  1152 6.5780e-02 4.6483e+01    1.5620e-01 1.9575e+01 1.3642e-12
  1104 5.6512e-02 4.7621e+01    1.2341e-01 2.1807e+01 1.2506e-12
  1056 6.7883e-02 3.4695e+01    1.3794e-01 1.7074e+01 1.1937e-12
  1008 4.4978e-02 4.5542e+01    9.9406e-02 2.0606e+01 1.0232e-12
   960 3.7279e-02 4.7466e+01    9.0126e-02 1.9633e+01 1.0232e-12
   912 3.2975e-02 4.6008e+01    6.5934e-02 2.3010e+01 1.0800e-12
   864 2.8564e-02 4.5159e+01    6.0423e-02 2.1349e+01 8.5265e-13
   816 2.6671e-02 4.0744e+01    5.2551e-02 2.0678e+01 8.2423e-13
   768 1.9600e-02 4.6223e+01    4.7389e-02 1.9118e+01 7.1054e-13
   720 1.7250e-02 4.3275e+01    3.7727e-02 1.9787e+01 6.8212e-13
   672 1.6017e-02 3.7892e+01    3.3552e-02 1.8089e+01 5.6843e-13
   624 1.3217e-02 3.6767e+01    2.7545e-02 1.7642e+01 5.4001e-13
   576 9.6815e-03 3.9478e+01    2.0112e-02 1.9004e+01 4.8317e-13
   528 7.4767e-03 3.9375e+01    1.4696e-02 2.0033e+01 4.2633e-13
   480 5.5862e-03 3.9595e+01    1.1665e-02 1.8961e+01 3.1264e-13
   432 4.2628e-03 3.7826e+01    8.2745e-03 1.9487e+01 2.7001e-13
   384 3.0171e-03 3.7535e+01    6.4160e-03 1.7651e+01 2.2737e-13
   336 2.0135e-03 3.7678e+01    3.8274e-03 1.9822e+01 1.7053e-13
   288 1.2570e-03 3.8008e+01    2.3181e-03 2.0610e+01 9.9476e-14
   240 6.9582e-04 3.9734e+01    1.3403e-03 2.0628e+01 4.2633e-14
   192 3.6443e-04 3.8843e+01    6.9981e-04 2.0228e+01 2.8422e-14
   144 1.5957e-04 3.7426e+01    2.5202e-04 2.3696e+01 2.8422e-14
    96 5.4584e-05 3.2417e+01    7.5391e-05 2.3471e+01 1.0658e-14
    48 1.1391e-05 1.9417e+01    8.8860e-06 2.4891e+01 5.3291e-15
];

% Maximum difference between reference and your implementation: 2.160050e-12.
