% number of repeats:% 3
% enter first, last, inc:% 48 1488 48 
data = [
%  n          reference      |         current implementation 
%        time       GFLOPS   |    time       GFLOPS     diff 
  1488 1.2141e-01 5.4273e+01    8.4587e-01 7.7899e+00 2.1600e-12
  1440 1.1180e-01 5.3416e+01    9.3375e-01 6.3957e+00 2.1032e-12
  1392 1.0497e-01 5.1393e+01    8.1218e-01 6.6420e+00 1.9327e-12
  1344 9.7184e-02 4.9961e+01    7.4224e-01 6.5416e+00 1.7621e-12
  1296 9.5523e-02 4.5576e+01    6.4720e-01 6.7267e+00 1.8190e-12
  1248 8.4775e-02 4.5857e+01    5.7624e-01 6.7463e+00 1.6485e-12
  1200 7.1313e-02 4.8462e+01    4.9640e-01 6.9621e+00 1.5348e-12
  1152 6.4491e-02 4.7412e+01    4.3969e-01 6.9540e+00 1.3642e-12
  1104 5.6281e-02 4.7816e+01    3.4979e-01 7.6936e+00 1.2506e-12
  1056 4.9054e-02 4.8012e+01    2.7587e-01 8.5371e+00 1.1937e-12
  1008 4.4390e-02 4.6145e+01    2.1142e-01 9.6886e+00 1.0232e-12
   960 3.7132e-02 4.7654e+01    1.5865e-01 1.1153e+01 1.0232e-12
   912 3.0858e-02 4.9164e+01    1.0719e-01 1.4154e+01 1.0800e-12
   864 2.7732e-02 4.6515e+01    7.7419e-02 1.6662e+01 8.5265e-13
   816 2.3081e-02 4.7081e+01    6.5641e-02 1.6555e+01 8.2423e-13
   768 1.9537e-02 4.6372e+01    4.9128e-02 1.8441e+01 7.1054e-13
   720 1.6473e-02 4.5317e+01    3.4371e-02 2.1718e+01 6.8212e-13
   672 1.3982e-02 4.3406e+01    2.8923e-02 2.0984e+01 5.6843e-13
   624 1.1091e-02 4.3816e+01    1.9270e-02 2.5217e+01 5.4001e-13
   576 8.3387e-03 4.5835e+01    1.6737e-02 2.2837e+01 4.8317e-13
   528 6.5506e-03 4.4942e+01    1.1447e-02 2.5717e+01 4.2633e-13
   480 4.9299e-03 4.4866e+01    8.7304e-03 2.5335e+01 3.1264e-13
   432 3.5250e-03 4.5743e+01    6.3085e-03 2.5560e+01 2.7001e-13
   384 2.4660e-03 4.5923e+01    5.0179e-03 2.2568e+01 2.2737e-13
   336 1.6773e-03 4.5231e+01    2.9777e-03 2.5478e+01 1.7053e-13
   288 1.0607e-03 4.5042e+01    1.8113e-03 2.6376e+01 9.9476e-14
   240 6.1451e-04 4.4992e+01    1.0427e-03 2.6516e+01 4.2633e-14
   192 3.1806e-04 4.4506e+01    4.7471e-04 2.9820e+01 2.8422e-14
   144 1.4206e-04 4.2038e+01    1.4965e-04 3.9907e+01 2.8422e-14
    96 4.8778e-05 3.6276e+01    4.0635e-05 4.3546e+01 1.0658e-14
    48 1.0177e-05 2.1734e+01    5.0710e-06 4.3617e+01 5.3291e-15
];

% Maximum difference between reference and your implementation: 2.160050e-12.
