% number of repeats:% 3
% enter first, last, inc:% 48 960 48 
data = [
%  n          reference      |         current implementation 
%        time       GFLOPS   |    time       GFLOPS     diff 
   960 3.3918e-02 5.2169e+01    7.0619e+00 2.5057e-01 9.3792e-13
   912 2.9657e-02 5.1156e+01    5.1974e+00 2.9190e-01 1.1084e-12
   864 2.6587e-02 4.8517e+01    3.7029e+00 3.4836e-01 8.8107e-13
   816 2.2078e-02 4.9219e+01    2.3036e+00 4.7172e-01 7.9581e-13
   768 1.8341e-02 4.9396e+01    1.7420e+00 5.2007e-01 7.3896e-13
   720 1.4603e-02 5.1120e+01    5.4419e-01 1.3718e+00 7.1054e-13
   672 1.1883e-02 5.1074e+01    5.3043e-01 1.1442e+00 6.5370e-13
   624 9.4087e-03 5.1648e+01    3.2959e-01 1.4744e+00 5.4001e-13
   576 7.5245e-03 5.0795e+01    4.0803e-01 9.3671e-01 5.4001e-13
   528 5.7029e-03 5.1623e+01    1.9241e-01 1.5300e+00 4.5475e-13
   480 4.2644e-03 5.1867e+01    1.7113e-01 1.2925e+00 3.4106e-13
   432 2.8831e-03 5.5928e+01    1.0395e-01 1.5512e+00 2.8422e-13
   384 2.1732e-03 5.2109e+01    1.8424e-01 6.1468e-01 2.2737e-13
   336 1.3754e-03 5.5161e+01    4.7905e-02 1.5837e+00 1.7053e-13
   288 9.4349e-04 5.0637e+01    3.2985e-02 1.4484e+00 1.1369e-13
   240 5.0044e-04 5.5247e+01    1.5009e-02 1.8421e+00 4.2633e-14
   192 2.7924e-04 5.0695e+01    1.3934e-02 1.0160e+00 3.5527e-14
   144 1.1445e-04 5.2181e+01    2.1989e-03 2.7159e+00 2.8422e-14
    96 3.9446e-05 4.4858e+01    6.8853e-04 2.5699e+00 1.4211e-14
    48 8.3090e-06 2.6620e+01    5.3683e-05 4.1202e+00 5.3291e-15
];

% Maximum difference between reference and your implementation: 1.108447e-12.
