% number of repeats:% 3
% enter first, last, inc:% 48 480 48 
data = [
%  n          reference      |         current implementation 
%        time       GFLOPS   |    time       GFLOPS     diff 
   480 2.3718e-02 9.3257e+00    1.4414e-01 1.5345e+00 3.5527e-13
   432 1.5843e-02 1.0178e+01    8.3303e-02 1.9356e+00 3.1264e-13
   384 1.1269e-02 1.0050e+01    6.7244e-02 1.6841e+00 1.9895e-13
   336 7.6111e-03 9.9679e+00    3.9025e-02 1.9440e+00 1.7053e-13
   288 4.3134e-03 1.1076e+01    2.3745e-02 2.0120e+00 1.1369e-13
   240 2.4312e-03 1.1372e+01    1.3127e-02 2.1062e+00 4.2633e-14
   192 1.2846e-03 1.1020e+01    6.1798e-03 2.2907e+00 2.8422e-14
   144 5.7254e-04 1.0431e+01    2.8978e-03 2.0609e+00 2.8422e-14
    96 1.9858e-04 8.9107e+00    8.3038e-04 2.1309e+00 1.4211e-14
    48 4.2422e-05 5.2139e+00    8.7573e-05 2.5257e+00 7.1054e-15
];

% Maximum difference between reference and your implementation: 3.552714e-13.
