% number of repeats:% 3
% enter first, last, inc:% 48 1488 48 
data = [
%  n          reference      |         current implementation 
%        time       GFLOPS   |    time       GFLOPS     diff 
  1488 1.2793e-01 5.1508e+01    1.2623e+00 5.2199e+00 2.1600e-12
  1440 1.4231e-01 4.1965e+01    1.1887e+00 5.0241e+00 2.1032e-12
  1392 1.5336e-01 3.5174e+01    1.0991e+00 4.9083e+00 1.9327e-12
  1344 1.2803e-01 3.7925e+01    9.3432e-01 5.1968e+00 1.7621e-12
  1296 1.2622e-01 3.4491e+01    8.4889e-01 5.1285e+00 1.8758e-12
  1248 9.7470e-02 3.9884e+01    6.7000e-01 5.8022e+00 1.5916e-12
  1200 8.3309e-02 4.1484e+01    6.9282e-01 4.9883e+00 1.5348e-12
  1152 7.3127e-02 4.1813e+01    6.1485e-01 4.9730e+00 1.4211e-12
  1104 7.7569e-02 3.4694e+01    5.7972e-01 4.6422e+00 1.3074e-12
  1056 5.7625e-02 4.0870e+01    4.8898e-01 4.8165e+00 1.1937e-12
  1008 4.7794e-02 4.2859e+01    3.7068e-01 5.5260e+00 1.0232e-12
   960 3.9653e-02 4.4624e+01    3.0618e-01 5.7791e+00 9.9476e-13
   912 4.1539e-02 3.6523e+01    3.0504e-01 4.9734e+00 1.0800e-12
   864 3.4217e-02 3.7699e+01    2.6457e-01 4.8757e+00 8.5265e-13
   816 4.3176e-02 2.5169e+01    2.1264e-01 5.1105e+00 7.9581e-13
   768 2.1505e-02 4.2129e+01    1.6004e-01 5.6610e+00 7.3896e-13
   720 1.8281e-02 4.0834e+01    1.3389e-01 5.5755e+00 6.8212e-13
   672 1.5293e-02 3.9686e+01    1.1490e-01 5.2824e+00 5.9686e-13
   624 1.1778e-02 4.1258e+01    8.7238e-02 5.5703e+00 5.4001e-13
   576 9.3765e-03 4.0762e+01    7.0712e-02 5.4051e+00 4.8317e-13
   528 8.6756e-03 3.3934e+01    5.6672e-02 5.1947e+00 4.2633e-13
   480 5.5172e-03 4.0090e+01    4.0535e-02 5.4566e+00 3.1264e-13
   432 3.9026e-03 4.1317e+01    3.1705e-02 5.0858e+00 2.7001e-13
   384 2.8116e-03 4.0279e+01    2.1793e-02 5.1964e+00 2.2737e-13
   336 2.0536e-03 3.6943e+01    1.4430e-02 5.2574e+00 1.7053e-13
   288 1.2369e-03 3.8625e+01    8.4449e-03 5.6573e+00 1.1369e-13
   240 6.6910e-04 4.1321e+01    4.8727e-03 5.6741e+00 4.2633e-14
   192 3.5426e-04 3.9959e+01    2.4784e-03 5.7117e+00 3.5527e-14
   144 1.5551e-04 3.8403e+01    1.0774e-03 5.5430e+00 2.8422e-14
    96 5.2975e-05 3.3402e+01    3.0942e-04 5.7186e+00 1.4211e-14
    48 1.1333e-05 1.9517e+01    4.2937e-05 5.1514e+00 7.1054e-15
];

% Maximum difference between reference and your implementation: 2.160050e-12.
