% number of repeats:% 3
% enter first, last, inc:% 48 480 48 
data = [
%  n          reference      |         current implementation 
%        time       GFLOPS   |    time       GFLOPS     diff 
   480 5.5903e-03 3.9566e+01    3.3262e-02 6.6497e+00 3.5527e-13
   432 4.2040e-03 3.8354e+01    2.2848e-02 7.0573e+00 3.1264e-13
   384 2.5286e-03 4.4786e+01    1.5253e-02 7.4247e+00 1.9895e-13
   336 1.8399e-03 4.1233e+01    1.1325e-02 6.6990e+00 1.7053e-13
   288 1.1425e-03 4.1816e+01    6.5257e-03 7.3212e+00 1.1369e-13
   240 5.9591e-04 4.6396e+01    3.2308e-03 8.5575e+00 4.2633e-14
   192 3.1790e-04 4.4529e+01    1.7535e-03 8.0729e+00 2.8422e-14
   144 1.3390e-04 4.4599e+01    5.4380e-04 1.0982e+01 2.8422e-14
    96 4.5934e-05 3.8522e+01    1.5142e-04 1.1686e+01 1.4211e-14
    48 9.8810e-06 2.2385e+01    2.0445e-05 1.0818e+01 7.1054e-15
];

% Maximum difference between reference and your implementation: 3.552714e-13.
